254 239 239 239 239 239 239 239 239 239 244 255 255 255 255 255
239   0   0   0   0   0   0   0   0   0  79 255 255 255 255 255
239   0   0   0   0   0   0   0   0   0  79 255 255 255 255 255
239   0   0   0   0   0   0   0   0   0  79 255 255 255 255 255
239   0   0   0   0   0   0   0   0   0  79 255 255 255 255 255
250 175 175 175 175  54   0   0   0   0  24  79  79  79  79 244
255 255 255 255 255  79   0   0   0   0   0   0   0   0   0 239
255 255 255 255 255  79   0   0   0   0   0   0   0   0   0 239
255 255 255 255 255  79   0   0   0   0   0   0   0   0   0 239
255 255 255 255 255  79   0   0   0   0   0   0   0   0   0 239
255 255 255 255 255  79   0   0   0   0  24  79  79  79  79 244
255 255 255 255 255  79   0   0   0   0  79 255 255 255 255 255
255 255 255 255 255  79   0   0   0   0  79 255 255 255 255 255
255 255 255 255 255  79   0   0   0   0  79 255 255 255 255 255
255 255 255 255 255  79   0   0   0   0  79 255 255 255 255 255
255 255 255 255 255 244 239 239 239 239 244 255 255 255 255 255
254 239 239 239 239 239 239 239 239 239 244 255 255 255 255 255
239   0   0   0   0   0   0   0   0   0  79 255 255 255 255 255
239   0   0   0   0   0   0   0   0   0  79 255 255 255 255 255
239   0   0   0   0   0   0   0   0   0  79 255 255 255 255 255
239   0   0   0   0   0   0   0   0   0  79 255 255 255 255 255
250 175 175 175 175  54   0   0   0   0  24  79  79  79  79 244
255 255 255 255 255  79   0   0   0   0   0   0   0   0   0 239
255 255 255 255 255  79   0   0   0   0   0   0   0   0   0 239
255 255 255 255 255  79   0   0   0   0   0   0   0   0   0 239
255 255 255 255 255  79   0   0   0   0   0   0   0   0   0 239
255 255 255 255 255  79   0   0   0   0  24  79  79  79  79 244
255 255 255 255 255  79   0   0   0   0  79 255 255 255 255 255
255 255 255 255 255  79   0   0   0   0  79 255 255 255 255 255
255 255 255 255 255  79   0   0   0   0  79 255 255 255 255 255
255 255 255 255 255  79   0   0   0   0  79 255 255 255 255 255
255 255 255 255 255 244 239 239 239 239 244 255 255 255 255 255
254 239 239 239 239 239 239 239 239 239 244 255 255 255 255 255
239   0   0   0   0   0   0   0   0   0  79 255 255 255 255 255
239   0   0   0   0   0   0   0   0   0  79 255 255 255 255 255
239   0   0   0   0   0   0   0   0   0  79 255 255 255 255 255
239   0   0   0   0   0   0   0   0   0  79 255 255 255 255 255
250 175 175 175 175  54   0   0   0   0  24  79  79  79  79 244
255 255 255 255 255  79   0   0   0   0   0   0   0   0   0 239
255 255 255 255 255  79   0   0   0   0   0   0   0   0   0 239
255 255 255 255 255  79   0   0   0   0   0   0   0   0   0 239
255 255 255 255 255  79   0   0   0   0   0   0   0   0   0 239
255 255 255 255 255  79   0   0   0   0  24  79  79  79  79 244
255 255 255 255 255  79   0   0   0   0  79 255 255 255 255 255
255 255 255 255 255  79   0   0   0   0  79 255 255 255 255 255
255 255 255 255 255  79   0   0   0   0  79 255 255 255 255 255
255 255 255 255 255  79   0   0   0   0  79 255 255 255 255 255
255 255 255 255 255 244 239 239 239 239 244 255 255 255 255 255

255 255 255 255 255 244 239 239 239 239 244 255 255 255 255 255
255 255 255 255 255  79   0   0   0   0  79 255 255 255 255 255
255 255 255 255 255  79   0   0   0   0  79 255 255 255 255 255
255 255 255 255 255  79   0   0   0   0  79 255 255 255 255 255
255 255 255 255 255  79   0   0   0   0  79 255 255 255 255 255
244  79  79  79  79  24   0   0   0   0  24  79  79  79  79 244
239   0   0   0   0   0   0   0   0   0   0   0   0   0   0 239
239   0   0   0   0   0   0   0   0   0   0   0   0   0   0 239
239   0   0   0   0   0   0   0   0   0   0   0   0   0   0 239
239   0   0   0   0   0   0   0   0   0   0   0   0   0   0 239
239   0   0   0   0  54  79  79  79  79  79  79  79  79  79 244
239   0   0   0   0 175 255 255 255 255 255 255 255 255 255 255
239   0   0   0   0 175 255 255 255 255 255 255 255 255 255 255
239   0   0   0   0 175 255 255 255 255 255 255 255 255 255 255
239   0   0   0   0 175 255 255 255 255 255 255 255 255 255 255
254 239 239 239 239 250 255 255 255 255 255 255 255 255 255 255
255 255 255 255 255 244 239 239 239 239 244 255 255 255 255 255
255 255 255 255 255  79   0   0   0   0  79 255 255 255 255 255
255 255 255 255 255  79   0   0   0   0  79 255 255 255 255 255
255 255 255 255 255  79   0   0   0   0  79 255 255 255 255 255
255 255 255 255 255  79   0   0   0   0  79 255 255 255 255 255
244  79  79  79  79  24   0   0   0   0  24  79  79  79  79 244
239   0   0   0   0   0   0   0   0   0   0   0   0   0   0 239
239   0   0   0   0   0   0   0   0   0   0   0   0   0   0 239
239   0   0   0   0   0   0   0   0   0   0   0   0   0   0 239
239   0   0   0   0   0   0   0   0   0   0   0   0   0   0 239
239   0   0   0   0  54  79  79  79  79  79  79  79  79  79 244
239   0   0   0   0 175 255 255 255 255 255 255 255 255 255 255
239   0   0   0   0 175 255 255 255 255 255 255 255 255 255 255
239   0   0   0   0 175 255 255 255 255 255 255 255 255 255 255
239   0   0   0   0 175 255 255 255 255 255 255 255 255 255 255
254 239 239 239 239 250 255 255 255 255 255 255 255 255 255 255
255 255 255 255 255 244 239 239 239 239 244 255 255 255 255 255
255 255 255 255 255  79   0   0   0   0  79 255 255 255 255 255
255 255 255 255 255  79   0   0   0   0  79 255 255 255 255 255
255 255 255 255 255  79   0   0   0   0  79 255 255 255 255 255
255 255 255 255 255  79   0   0   0   0  79 255 255 255 255 255
244  79  79  79  79  24   0   0   0   0  24  79  79  79  79 244
239   0   0   0   0   0   0   0   0   0   0   0   0   0   0 239
239   0   0   0   0   0   0   0   0   0   0   0   0   0   0 239
239   0   0   0   0   0   0   0   0   0   0   0   0   0   0 239
239   0   0   0   0   0   0   0   0   0   0   0   0   0   0 239
239   0   0   0   0  54  79  79  79  79  79  79  79  79  79 244
239   0   0   0   0 175 255 255 255 255 255 255 255 255 255 255
239   0   0   0   0 175 255 255 255 255 255 255 255 255 255 255
239   0   0   0   0 175 255 255 255 255 255 255 255 255 255 255
239   0   0   0   0 175 255 255 255 255 255 255 255 255 255 255
254 239 239 239 239 250 255 255 255 255 255 255 255 255 255 255

255 255 255 255 255 251 246 245 245 246 251 255 255 255 255 255
255 255 255 255 255 194  99  84  84  99 194 255 255 255 255 255
255 255 255 255 255 164  23   0   0  23 164 255 255 255 255 255
255 255 255 255 255 164  23   0   0  23 164 255 255 255 255 255
255 255 255 255 255 164  23   0   0  23 164 255 255 255 255 255
251 194 164 164 164 106  15   0   0  23 164 255 255 255 255 255
246  99  23  23  23  15   2   0   0  23 164 255 255 255 255 255
245  84   0   0   0   0   0   0   0  23 164 255 255 255 255 255
245  84   0   0   0   0   0   0   0  23 164 255 255 255 255 255
246  99  23  23  23  15   2   0   0  21 149 231 231 231 239 254
251 194 164 164 164 106  15   0   0   8  57  88  88  88 144 248
255 255 255 255 255 164  23   0   0   0   0   0   0   0  84 245
255 255 255 255 255 164  23   0   0   0   0   0   0   0  84 245
255 255 255 255 255 164  23   0   0   0   0   0   0   0  84 245
255 255 255 255 255 194  99  84  84  84  84  84  84  84 141 248
255 255 255 255 255 251 246 245 245 245 245 245 245 245 248 254
255 255 255 255 255 251 246 245 245 246 251 255 255 255 255 255
255 255 255 255 255 194  99  84  84  99 194 255 255 255 255 255
255 255 255 255 255 164  23   0   0  23 164 255 255 255 255 255
255 255 255 255 255 164  23   0   0  23 164 255 255 255 255 255
255 255 255 255 255 164  23   0   0  23 164 255 255 255 255 255
251 194 164 164 164 106  15   0   0  23 164 255 255 255 255 255
246  99  23  23  23  15   2   0   0  23 164 255 255 255 255 255
245  84   0   0   0   0   0   0   0  23 164 255 255 255 255 255
245  84   0   0   0   0   0   0   0  23 164 255 255 255 255 255
246  99  23  23  23  15   2   0   0  21 149 231 231 231 239 254
251 194 164 164 164 106  15   0   0   8  57  88  88  88 144 248
255 255 255 255 255 164  23   0   0   0   0   0   0   0  84 245
255 255 255 255 255 164  23   0   0   0   0   0   0   0  84 245
255 255 255 255 255 164  23   0   0   0   0   0   0   0  84 245
255 255 255 255 255 194  99  84  84  84  84  84  84  84 141 248
255 255 255 255 255 251 246 245 245 245 245 245 245 245 248 254
255 255 255 255 255 251 246 245 245 246 251 255 255 255 255 255
255 255 255 255 255 194  99  84  84  99 194 255 255 255 255 255
255 255 255 255 255 164  23   0   0  23 164 255 255 255 255 255
255 255 255 255 255 164  23   0   0  23 164 255 255 255 255 255
255 255 255 255 255 164  23   0   0  23 164 255 255 255 255 255
251 194 164 164 164 106  15   0   0  23 164 255 255 255 255 255
246  99  23  23  23  15   2   0   0  23 164 255 255 255 255 255
245  84   0   0   0   0   0   0   0  23 164 255 255 255 255 255
245  84   0   0   0   0   0   0   0  23 164 255 255 255 255 255
246  99  23  23  23  15   2   0   0  21 149 231 231 231 239 254
251 194 164 164 164 106  15   0   0   8  57  88  88  88 144 248
255 255 255 255 255 164  23   0   0   0   0   0   0   0  84 245
255 255 255 255 255 164  23   0   0   0   0   0   0   0  84 245
255 255 255 255 255 164  23   0   0   0   0   0   0   0  84 245
255 255 255 255 255 194  99  84  84  84  84  84  84  84 141 248
255 255 255 255 255 251 246 245 245 245 245 245 245 245 248 254

255 255 255 255 255 255 255 255 255 254 249 246 246 246 249 255
255 255 255 255 255 255 255 255 255 239 144  85  85  85 141 249
255 255 255 255 255 255 255 255 255 231  89   0   0   0  85 246
255 255 255 255 255 255 255 255 255 231  89   0   0   0  85 246
255 255 255 255 255 255 255 255 255 231  89   0   0   0  85 246
252 195 165 165 165 165 165 165 165 150  57   0   0   0  85 246
246 100  23  23  23  23  23  23  23  21   8   0   0   0  85 246
246  85   0   0   0   0   0   0   0   0   0   0   0   0  85 246
246  85   0   0   0   0   0   0   0   0   0   0   0   0  85 246
246 100  23  23  23  15   2   0   0   2  15  23  23  23 100 246
252 195 165 165 165 107  15   0   0  15 107 165 165 165 195 252
255 255 255 255 255 165  23   0   0  23 165 255 255 255 255 255
255 255 255 255 255 165  23   0   0  23 165 255 255 255 255 255
255 255 255 255 255 165  23   0   0  23 165 255 255 255 255 255
255 255 255 255 255 195 100  85  85 100 195 255 255 255 255 255
255 255 255 255 255 252 246 246 246 246 252 255 255 255 255 255
255 255 255 255 255 255 255 255 255 254 249 246 246 246 249 255
255 255 255 255 255 255 255 255 255 239 144  85  85  85 141 249
255 255 255 255 255 255 255 255 255 231  89   0   0   0  85 246
255 255 255 255 255 255 255 255 255 231  89   0   0   0  85 246
255 255 255 255 255 255 255 255 255 231  89   0   0   0  85 246
252 195 165 165 165 165 165 165 165 150  57   0   0   0  85 246
246 100  23  23  23  23  23  23  23  21   8   0   0   0  85 246
246  85   0   0   0   0   0   0   0   0   0   0   0   0  85 246
246  85   0   0   0   0   0   0   0   0   0   0   0   0  85 246
246 100  23  23  23  15   2   0   0   2  15  23  23  23 100 246
252 195 165 165 165 107  15   0   0  15 107 165 165 165 195 252
255 255 255 255 255 165  23   0   0  23 165 255 255 255 255 255
255 255 255 255 255 165  23   0   0  23 165 255 255 255 255 255
255 255 255 255 255 165  23   0   0  23 165 255 255 255 255 255
255 255 255 255 255 195 100  85  85 100 195 255 255 255 255 255
255 255 255 255 255 252 246 246 246 246 252 255 255 255 255 255
255 255 255 255 255 255 255 255 255 254 249 246 246 246 249 255
255 255 255 255 255 255 255 255 255 239 144  85  85  85 141 249
255 255 255 255 255 255 255 255 255 231  89   0   0   0  85 246
255 255 255 255 255 255 255 255 255 231  89   0   0   0  85 246
255 255 255 255 255 255 255 255 255 231  89   0   0   0  85 246
252 195 165 165 165 165 165 165 165 150  57   0   0   0  85 246
246 100  23  23  23  23  23  23  23  21   8   0   0   0  85 246
246  85   0   0   0   0   0   0   0   0   0   0   0   0  85 246
246  85   0   0   0   0   0   0   0   0   0   0   0   0  85 246
246 100  23  23  23  15   2   0   0   2  15  23  23  23 100 246
252 195 165 165 165 107  15   0   0  15 107 165 165 165 195 252
255 255 255 255 255 165  23   0   0  23 165 255 255 255 255 255
255 255 255 255 255 165  23   0   0  23 165 255 255 255 255 255
255 255 255 255 255 165  23   0   0  23 165 255 255 255 255 255
255 255 255 255 255 195 100  85  85 100 195 255 255 255 255 255
255 255 255 255 255 252 246 246 246 246 252 255 255 255 255 255
