255 255 255 255 255 244 239 239 239 239 244 255 255 255 255 255
255 255 255 255 255  79   0   0   0   0  79 255 255 255 255 255
255 255 255 255 255  79   0   0   0   0  79 255 255 255 255 255
255 255 255 255 255  79   0   0   0   0  79 255 255 255 255 255
255 255 255 255 255  79   0   0   0   0  79 255 255 255 255 255
244  79  79  79  79 145 175 175 175 175 145  79  79  79  79 244
239   0   0   0   0 175 255 255 255 255 175   0   0   0   0 239
239   0   0   0   0 175 255 255 255 255 175   0   0   0   0 239
239   0   0   0   0 175 255 255 255 255 175   0   0   0   0 239
239   0   0   0   0 175 255 255 255 255 175   0   0   0   0 239
244  79  79  79  79 145 175 175 175 175 120   0   0   0   0 239
255 255 255 255 255  79   0   0   0   0   0   0   0   0   0 239
255 255 255 255 255  79   0   0   0   0   0   0   0   0   0 239
255 255 255 255 255  79   0   0   0   0   0   0   0   0   0 239
255 255 255 255 255  79   0   0   0   0   0   0   0   0   0 239
255 255 255 255 255 244 239 239 239 239 239 239 239 239 239 254
255 255 255 255 255 244 239 239 239 239 244 255 255 255 255 255
255 255 255 255 255  79   0   0   0   0  79 255 255 255 255 255
255 255 255 255 255  79   0   0   0   0  79 255 255 255 255 255
255 255 255 255 255  79   0   0   0   0  79 255 255 255 255 255
255 255 255 255 255  79   0   0   0   0  79 255 255 255 255 255
244  79  79  79  79 145 175 175 175 175 145  79  79  79  79 244
239   0   0   0   0 175 255 255 255 255 175   0   0   0   0 239
239   0   0   0   0 175 255 255 255 255 175   0   0   0   0 239
239   0   0   0   0 175 255 255 255 255 175   0   0   0   0 239
239   0   0   0   0 175 255 255 255 255 175   0   0   0   0 239
244  79  79  79  79 145 175 175 175 175 120   0   0   0   0 239
255 255 255 255 255  79   0   0   0   0   0   0   0   0   0 239
255 255 255 255 255  79   0   0   0   0   0   0   0   0   0 239
255 255 255 255 255  79   0   0   0   0   0   0   0   0   0 239
255 255 255 255 255  79   0   0   0   0   0   0   0   0   0 239
255 255 255 255 255 244 239 239 239 239 239 239 239 239 239 254
255 255 255 255 255 244 239 239 239 239 244 255 255 255 255 255
255 255 255 255 255  79   0   0   0   0  79 255 255 255 255 255
255 255 255 255 255  79   0   0   0   0  79 255 255 255 255 255
255 255 255 255 255  79   0   0   0   0  79 255 255 255 255 255
255 255 255 255 255  79   0   0   0   0  79 255 255 255 255 255
244  79  79  79  79 145 175 175 175 175 145  79  79  79  79 244
239   0   0   0   0 175 255 255 255 255 175   0   0   0   0 239
239   0   0   0   0 175 255 255 255 255 175   0   0   0   0 239
239   0   0   0   0 175 255 255 255 255 175   0   0   0   0 239
239   0   0   0   0 175 255 255 255 255 175   0   0   0   0 239
244  79  79  79  79 145 175 175 175 175 120   0   0   0   0 239
255 255 255 255 255  79   0   0   0   0   0   0   0   0   0 239
255 255 255 255 255  79   0   0   0   0   0   0   0   0   0 239
255 255 255 255 255  79   0   0   0   0   0   0   0   0   0 239
255 255 255 255 255  79   0   0   0   0   0   0   0   0   0 239
255 255 255 255 255 244 239 239 239 239 239 239 239 239 239 254

255 255 255 255 255 244 239 239 239 239 239 239 239 239 239 254
255 255 255 255 255  79   0   0   0   0   0   0   0   0   0 239
255 255 255 255 255  79   0   0   0   0   0   0   0   0   0 239
255 255 255 255 255  79   0   0   0   0   0   0   0   0   0 239
255 255 255 255 255  79   0   0   0   0   0   0   0   0   0 239
244  79  79  79  79 145 175 175 175 175 120   0   0   0   0 239
239   0   0   0   0 175 255 255 255 255 175   0   0   0   0 239
239   0   0   0   0 175 255 255 255 255 175   0   0   0   0 239
239   0   0   0   0 175 255 255 255 255 175   0   0   0   0 239
239   0   0   0   0 175 255 255 255 255 175   0   0   0   0 239
244  79  79  79  79 145 175 175 175 175 145  79  79  79  79 244
255 255 255 255 255  79   0   0   0   0  79 255 255 255 255 255
255 255 255 255 255  79   0   0   0   0  79 255 255 255 255 255
255 255 255 255 255  79   0   0   0   0  79 255 255 255 255 255
255 255 255 255 255  79   0   0   0   0  79 255 255 255 255 255
255 255 255 255 255 244 239 239 239 239 244 255 255 255 255 255
255 255 255 255 255 244 239 239 239 239 239 239 239 239 239 254
255 255 255 255 255  79   0   0   0   0   0   0   0   0   0 239
255 255 255 255 255  79   0   0   0   0   0   0   0   0   0 239
255 255 255 255 255  79   0   0   0   0   0   0   0   0   0 239
255 255 255 255 255  79   0   0   0   0   0   0   0   0   0 239
244  79  79  79  79 145 175 175 175 175 120   0   0   0   0 239
239   0   0   0   0 175 255 255 255 255 175   0   0   0   0 239
239   0   0   0   0 175 255 255 255 255 175   0   0   0   0 239
239   0   0   0   0 175 255 255 255 255 175   0   0   0   0 239
239   0   0   0   0 175 255 255 255 255 175   0   0   0   0 239
244  79  79  79  79 145 175 175 175 175 145  79  79  79  79 244
255 255 255 255 255  79   0   0   0   0  79 255 255 255 255 255
255 255 255 255 255  79   0   0   0   0  79 255 255 255 255 255
255 255 255 255 255  79   0   0   0   0  79 255 255 255 255 255
255 255 255 255 255  79   0   0   0   0  79 255 255 255 255 255
255 255 255 255 255 244 239 239 239 239 244 255 255 255 255 255
255 255 255 255 255 244 239 239 239 239 239 239 239 239 239 254
255 255 255 255 255  79   0   0   0   0   0   0   0   0   0 239
255 255 255 255 255  79   0   0   0   0   0   0   0   0   0 239
255 255 255 255 255  79   0   0   0   0   0   0   0   0   0 239
255 255 255 255 255  79   0   0   0   0   0   0   0   0   0 239
244  79  79  79  79 145 175 175 175 175 120   0   0   0   0 239
239   0   0   0   0 175 255 255 255 255 175   0   0   0   0 239
239   0   0   0   0 175 255 255 255 255 175   0   0   0   0 239
239   0   0   0   0 175 255 255 255 255 175   0   0   0   0 239
239   0   0   0   0 175 255 255 255 255 175   0   0   0   0 239
244  79  79  79  79 145 175 175 175 175 145  79  79  79  79 244
255 255 255 255 255  79   0   0   0   0  79 255 255 255 255 255
255 255 255 255 255  79   0   0   0   0  79 255 255 255 255 255
255 255 255 255 255  79   0   0   0   0  79 255 255 255 255 255
255 255 255 255 255  79   0   0   0   0  79 255 255 255 255 255
255 255 255 255 255 244 239 239 239 239 244 255 255 255 255 255

254 248 245 245 245 245 245 245 245 246 251 255 255 255 255 255
248 141  84  84  84  84  84  84  84  99 194 255 255 255 255 255
245  84   0   0   0   0   0   0   0  23 164 255 255 255 255 255
245  84   0   0   0   0   0   0   0  23 164 255 255 255 255 255
245  84   0   0   0   0   0   0   0  23 164 255 255 255 255 255
245  84   0   0   0  30  80  88  88  95 137 164 164 164 194 251
245  84   0   0   0  80 209 231 231 212  95  23  23  23  99 246
245  84   0   0   0  88 231 255 255 231  88   0   0   0  84 245
245  84   0   0   0  88 231 255 255 231  88   0   0   0  84 245
246  99  23  23  23  95 212 231 231 212  95  23  23  23  99 246
251 194 164 164 164 137  95  88  88  95 137 164 164 164 194 251
255 255 255 255 255 164  23   0   0  23 164 255 255 255 255 255
255 255 255 255 255 164  23   0   0  23 164 255 255 255 255 255
255 255 255 255 255 164  23   0   0  23 164 255 255 255 255 255
255 255 255 255 255 194  99  84  84  99 194 255 255 255 255 255
255 255 255 255 255 251 246 245 245 246 251 255 255 255 255 255
254 248 245 245 245 245 245 245 245 246 251 255 255 255 255 255
248 141  84  84  84  84  84  84  84  99 194 255 255 255 255 255
245  84   0   0   0   0   0   0   0  23 164 255 255 255 255 255
245  84   0   0   0   0   0   0   0  23 164 255 255 255 255 255
245  84   0   0   0   0   0   0   0  23 164 255 255 255 255 255
245  84   0   0   0  30  80  88  88  95 137 164 164 164 194 251
245  84   0   0   0  80 209 231 231 212  95  23  23  23  99 246
245  84   0   0   0  88 231 255 255 231  88   0   0   0  84 245
245  84   0   0   0  88 231 255 255 231  88   0   0   0  84 245
246  99  23  23  23  95 212 231 231 212  95  23  23  23  99 246
251 194 164 164 164 137  95  88  88  95 137 164 164 164 194 251
255 255 255 255 255 164  23   0   0  23 164 255 255 255 255 255
255 255 255 255 255 164  23   0   0  23 164 255 255 255 255 255
255 255 255 255 255 164  23   0   0  23 164 255 255 255 255 255
255 255 255 255 255 194  99  84  84  99 194 255 255 255 255 255
255 255 255 255 255 251 246 245 245 246 251 255 255 255 255 255
254 248 245 245 245 245 245 245 245 246 251 255 255 255 255 255
248 141  84  84  84  84  84  84  84  99 194 255 255 255 255 255
245  84   0   0   0   0   0   0   0  23 164 255 255 255 255 255
245  84   0   0   0   0   0   0   0  23 164 255 255 255 255 255
245  84   0   0   0   0   0   0   0  23 164 255 255 255 255 255
245  84   0   0   0  30  80  88  88  95 137 164 164 164 194 251
245  84   0   0   0  80 209 231 231 212  95  23  23  23  99 246
245  84   0   0   0  88 231 255 255 231  88   0   0   0  84 245
245  84   0   0   0  88 231 255 255 231  88   0   0   0  84 245
246  99  23  23  23  95 212 231 231 212  95  23  23  23  99 246
251 194 164 164 164 137  95  88  88  95 137 164 164 164 194 251
255 255 255 255 255 164  23   0   0  23 164 255 255 255 255 255
255 255 255 255 255 164  23   0   0  23 164 255 255 255 255 255
255 255 255 255 255 164  23   0   0  23 164 255 255 255 255 255
255 255 255 255 255 194  99  84  84  99 194 255 255 255 255 255
255 255 255 255 255 251 246 245 245 246 251 255 255 255 255 255

255 255 255 255 255 252 246 246 246 246 252 255 255 255 255 255
255 255 255 255 255 195 100  85  85 100 195 255 255 255 255 255
255 255 255 255 255 165  23   0   0  23 165 255 255 255 255 255
255 255 255 255 255 165  23   0   0  23 165 255 255 255 255 255
255 255 255 255 255 165  23   0   0  23 165 255 255 255 255 255
252 195 165 165 165 138  96  89  89  96 138 165 165 165 195 252
246 100  23  23  23  96 212 231 231 212  96  23  23  23 100 246
246  85   0   0   0  89 231 255 255 231  89   0   0   0  85 246
246  85   0   0   0  89 231 255 255 231  89   0   0   0  85 246
246  85   0   0   0  80 210 231 231 212  96  23  23  23 100 246
246  85   0   0   0  31  80  89  89  96 138 165 165 165 195 252
246  85   0   0   0   0   0   0   0  23 165 255 255 255 255 255
246  85   0   0   0   0   0   0   0  23 165 255 255 255 255 255
246  85   0   0   0   0   0   0   0  23 165 255 255 255 255 255
249 141  85  85  85  85  85  85  85 100 195 255 255 255 255 255
255 249 246 246 246 246 246 246 246 246 252 255 255 255 255 255
255 255 255 255 255 252 246 246 246 246 252 255 255 255 255 255
255 255 255 255 255 195 100  85  85 100 195 255 255 255 255 255
255 255 255 255 255 165  23   0   0  23 165 255 255 255 255 255
255 255 255 255 255 165  23   0   0  23 165 255 255 255 255 255
255 255 255 255 255 165  23   0   0  23 165 255 255 255 255 255
252 195 165 165 165 138  96  89  89  96 138 165 165 165 195 252
246 100  23  23  23  96 212 231 231 212  96  23  23  23 100 246
246  85   0   0   0  89 231 255 255 231  89   0   0   0  85 246
246  85   0   0   0  89 231 255 255 231  89   0   0   0  85 246
246  85   0   0   0  80 210 231 231 212  96  23  23  23 100 246
246  85   0   0   0  31  80  89  89  96 138 165 165 165 195 252
246  85   0   0   0   0   0   0   0  23 165 255 255 255 255 255
246  85   0   0   0   0   0   0   0  23 165 255 255 255 255 255
246  85   0   0   0   0   0   0   0  23 165 255 255 255 255 255
249 141  85  85  85  85  85  85  85 100 195 255 255 255 255 255
255 249 246 246 246 246 246 246 246 246 252 255 255 255 255 255
255 255 255 255 255 252 246 246 246 246 252 255 255 255 255 255
255 255 255 255 255 195 100  85  85 100 195 255 255 255 255 255
255 255 255 255 255 165  23   0   0  23 165 255 255 255 255 255
255 255 255 255 255 165  23   0   0  23 165 255 255 255 255 255
255 255 255 255 255 165  23   0   0  23 165 255 255 255 255 255
252 195 165 165 165 138  96  89  89  96 138 165 165 165 195 252
246 100  23  23  23  96 212 231 231 212  96  23  23  23 100 246
246  85   0   0   0  89 231 255 255 231  89   0   0   0  85 246
246  85   0   0   0  89 231 255 255 231  89   0   0   0  85 246
246  85   0   0   0  80 210 231 231 212  96  23  23  23 100 246
246  85   0   0   0  31  80  89  89  96 138 165 165 165 195 252
246  85   0   0   0   0   0   0   0  23 165 255 255 255 255 255
246  85   0   0   0   0   0   0   0  23 165 255 255 255 255 255
246  85   0   0   0   0   0   0   0  23 165 255 255 255 255 255
249 141  85  85  85  85  85  85  85 100 195 255 255 255 255 255
255 249 246 246 246 246 246 246 246 246 252 255 255 255 255 255
